-5.810612785857859667e-16 
1.558983339279203870e-17  
2.601730551373602449e-16  
-6.343402642820302977e-17 
-5.270847354148794165e-18 
-4.224059468270015461e-16 
-4.395710775132098849e-16 
-8.530248900503025902e-17 
-1.402331847651182247e-16 
8.713112449776974633e-03  
1.621742109587858988e-03  
1.400129535893848795e-16  
-5.643210326364262071e-03 
2.639531287715246203e-16  
-4.616944225730363976e-16 
1.878973562168376014e-03  
7.958910386036118822e-17  
1.621742109586031674e-03  
-6.180309356509666729e-02 
5.946637422625616436e-16  
-2.668017325894378716e-03 
3.706880774333131164e-16  
3.538246298640734513e-16  
4.754497258008380522e-02  
-5.721557968525981054e-17 
-2.499146455852286446e-16 
-2.365958549596550853e-16 
-2.798092148881341570e-02 
1.895993347971116073e-15  
-5.124923978333879357e-16 
4.190176225371907565e-02  
-1.156964692436529644e-16 
-8.715893070462086076e-16 
-5.643210326362691279e-03 
-2.668017325861815354e-03 
-2.193993938154513220e-15 
9.899893307113342145e-01  
1.090263730136192801e-16  
5.416414119934284768e-15  
-3.199086612740105039e-03 
3.407402778147457788e-16  
-4.227076972009184157e-16 
1.223378993358812659e-16  
-1.582464058623478238e-16 
-2.272985862062984112e-16 
-8.605404470541609379e-18 
-2.666374597767480681e-16 
-4.440076424824351454e-16 
7.021915706909226313e-17  
3.048215322890150205e-16  
4.352562058612902082e-16  
4.190176225372121976e-02  
-4.884073796244965893e-15 
1.156359001681505980e-16  
-7.440366857767584385e-02 
-2.195872931887675257e-16 
7.986454955935849390e-17  
1.878973562169695488e-03  
4.754497258008456156e-02  
1.780489522776355629e-16  
-3.199086612729258681e-03 
5.145214422735547786e-16  
1.731157785962438966e-16  
-3.954066953818689834e-02 
